MY_ACCOUNT_ID=0.0.13726303
MY_ACCOUNT_ID_PRIVATE_KEY=302e020100300506032b6570042204205bb4b3fbc32a7f1f417282d0a0c3b1bbaf4b8ee7a87002186848d3a98adc5a57
MY_ACCOUNT_ID_2=0.0.13726304
MY_ACCOUNT_ID_2_PRIVATE_KEY=302e020100300506032b6570042204202f9a7d2037890189997dfb1a1b4ae29d4b37ed3730fc687d827ecf10e3ddd996
MY_ACCOUNT_ID_3=0.0.13726305
MY_ACCOUNT_ID_3_PRIVATE_KEY=302e020100300506032b657004220420bdeadda7f1d268f50fe9d1b53b1696f5faae5da8c7c4900887ac4d2ed2f35297