ADMIN_ACCOUNT_ID=0.0.4314269
ADMIN_ACCOUNT_PRIVATE_KEY="3030020100300706052b8104000a0422042032c8b9ee2a1028b5ba024a0f95d72ed35bbfddd6ef9d7d8466b3bb4c9d8cf90e"

SMART_CONTRACT_ID=0.0.13726898

EXECUTOR_ACCOUNT_ID=0.0.13726303
EXECUTOR_ACCOUNT_PRIVATE_KEY="302e020100300506032b6570042204205bb4b3fbc32a7f1f417282d0a0c3b1bbaf4b8ee7a87002186848d3a98adc5a57"